Map from character to field name
A:	V1A
B:	V1A.1
C:	V1A.2
D:	V1A.3
E:	V1A.3a
F:	V1A.3a.1
G:	V1A.3a.2
H:	V1B
I:	?


Substitution rate (mu): 1.888216

Equilibrium frequencies (pi_i):
  A: 0.1378
  B: 0.1199
  C: 0.1199
  D: 0.1202
  E: 0.1202
  F: 0.1199
  G: 0.1257
  H: 0.1365

Symmetrized rates from j->i (W_ij):
	A	B	C	D	E	F	G	H
  A	0	1.1163	1.1161	1.1167	1.1166	1.1158	1.1331	1.6706
  B	1.1163	0	1.1151	1.1147	1.1156	1.1151	1.13	1.1149
  C	1.1161	1.1151	0	1.1149	1.1159	1.1154	1.1303	1.1154
  D	1.1167	1.1147	1.1149	0	1.1169	1.1149	1.1298	1.1146
  E	1.1166	1.1156	1.1159	1.1169	0	1.117	1.132	1.1157
  F	1.1158	1.1151	1.1154	1.1149	1.117	0	1.1303	1.1152
  G	1.1331	1.13	1.1303	1.1298	1.132	1.1303	0	1.1322
  H	1.6706	1.1149	1.1154	1.1146	1.1157	1.1152	1.1322	0

Actual rates from j->i (Q_ij):
	A	B	C	D	E	F	G	H
  A	0	0.1538	0.1538	0.1539	0.1539	0.1538	0.1562	0.2302
  B	0.1339	0	0.1338	0.1337	0.1338	0.1338	0.1355	0.1337
  C	0.1338	0.1337	0	0.1336	0.1338	0.1337	0.1355	0.1337
  D	0.1343	0.134	0.134	0	0.1343	0.134	0.1358	0.134
  E	0.1342	0.1341	0.1341	0.1342	0	0.1342	0.136	0.1341
  F	0.1337	0.1337	0.1337	0.1336	0.1339	0	0.1355	0.1337
  G	0.1424	0.142	0.142	0.142	0.1422	0.142	0	0.1423
  H	0.228	0.1521	0.1522	0.1521	0.1523	0.1522	0.1545	0
