Map from character to field name
A:	V1A
B:	V1A.1
C:	V1A.2
D:	V1A.3
E:	V1A.3a
F:	V1A.3a.1
G:	V1A.3a.2
H:	V1B
I:	?


Substitution rate (mu): 3.381922

Equilibrium frequencies (pi_i):
  A: 0.1375
  B: 0.1167
  C: 0.1166
  D: 0.1166
  E: 0.1252
  F: 0.1174
  G: 0.1387
  H: 0.1312

Symmetrized rates from j->i (W_ij):
	A	B	C	D	E	F	G	H
  A	0	1.0913	1.0898	1.0888	1.0909	1.091	1.1232	1.6341
  B	1.0913	0	1.077	1.0767	1.0773	1.0777	1.1011	1.0761
  C	1.0898	1.077	0	1.0768	1.0776	1.0784	1.1013	1.0762
  D	1.0888	1.0767	1.0768	0	1.1709	1.0792	1.101	1.0759
  E	1.0909	1.0773	1.0776	1.1709	0	1.3849	1.419	1.0764
  F	1.091	1.0777	1.0784	1.0792	1.3849	0	1.3007	1.077
  G	1.1232	1.1011	1.1013	1.101	1.419	1.3007	0	1.1032
  H	1.6341	1.0761	1.0762	1.0759	1.0764	1.077	1.1032	0

Actual rates from j->i (Q_ij):
	A	B	C	D	E	F	G	H
  A	0	0.1501	0.1499	0.1498	0.1501	0.1501	0.1545	0.2248
  B	0.1273	0	0.1257	0.1256	0.1257	0.1258	0.1285	0.1256
  C	0.1271	0.1256	0	0.1256	0.1257	0.1258	0.1284	0.1255
  D	0.127	0.1256	0.1256	0	0.1366	0.1259	0.1284	0.1255
  E	0.1366	0.1349	0.135	0.1466	0	0.1734	0.1777	0.1348
  F	0.128	0.1265	0.1266	0.1267	0.1625	0	0.1527	0.1264
  G	0.1558	0.1527	0.1527	0.1527	0.1968	0.1804	0	0.153
  H	0.2144	0.1412	0.1412	0.1412	0.1413	0.1413	0.1448	0
